79.9750000 127.8750000 0.0500000 7.25695E12 0.0000000 0.0000000 0.0500000 4.2500000 0.1000000
0.1000000 0.6500000 0.0500000 1.52537E8 0.0000000 0.0000000 0.1000000 1.3000000 0.1000000
0.2250000 0.6500000 0.0500000 2.86468E8 0.0000000 0.0000000 0.1500000 1.3000000 0.1000000
0.8000000 0.6500000 0.0500000 5.76558E8 0.0000000 0.0000000 1.0000000 1.3000000 0.1000000
2.4375000 0.6500000 0.0500000 8.45667E8 0.0000000 0.0000000 2.2750000 1.3000000 0.1000000
4.9500000 0.6500000 0.0500000 2.53362E8 0.0000000 0.0000000 2.7500000 1.3000000 0.1000000
8.0375000 0.6500000 0.0500000 2.43643E8 0.0000000 0.0000000 3.4250000 1.3000000 0.1000000
10.8500000 0.6500000 0.0500000 -8.45407E8 0.0000000 0.0000000 2.2000000 1.3000000 0.1000000
12.0750000 0.6500000 0.0500000 -7.07076E8 0.0000000 0.0000000 0.2500000 1.3000000 0.1000000
12.4500000 0.6500000 0.0500000 -6.2527E8 0.0000000 0.0000000 0.5000000 1.3000000 0.1000000
13.0500000 0.6500000 0.0500000 3.92645E8 0.0000000 0.0000000 0.7000000 1.3000000 0.1000000
13.7000000 0.6500000 0.0500000 5.34621E8 0.0000000 0.0000000 0.6000000 1.3000000 0.1000000
14.2250000 0.6500000 0.0500000 5.53248E8 0.0000000 0.0000000 0.4500000 1.3000000 0.1000000
14.5750000 0.6500000 0.0500000 5.40047E8 0.0000000 0.0000000 0.2500000 1.3000000 0.1000000
14.9500000 0.6500000 0.0500000 5.24655E8 0.0000000 0.0000000 0.5000000 1.3000000 0.1000000
15.4750000 0.6500000 0.0500000 5.78978E8 0.0000000 0.0000000 0.5500000 1.3000000 0.1000000
77.1250000 108.5750000 1.2600000 0.0000000 8.68695E9 3.43437E9 2.3119260 4.9500000 0.6000000
37.1500000 109.3500000 0.0500000 0.0000000 -8.53808E9 0.0000000 0.6000000 2.3000000 0.1000000
61.9500000 121.5000000 0.0500000 0.0000000 -1.39673E10 0.0000000 4.2500000 0.3000000 0.1000000
19.4250000 33.1250000 0.3175000 -1.73335E7 0.0000000 0.0000000 0.2500000 3.7500000 0.1350000
20.0250000 33.1250000 0.3175000 -1.51047E7 0.0000000 0.0000000 0.9500000 3.7500000 0.1350000
20.9500000 33.1250000 0.3175000 -5545110.0000000 0.0000000 0.0000000 0.9000000 3.7500000 0.1350000
13.9250000 35.5500000 0.3175000 -1.05719E8 0.0000000 0.0000000 1.0500000 1.1000000 0.1350000
14.5750000 35.5500000 0.3175000 -1.26921E8 0.0000000 0.0000000 0.2500000 1.1000000 0.1350000
14.9500000 35.5500000 0.3175000 -1.38851E8 0.0000000 0.0000000 0.5000000 1.1000000 0.1350000
16.1000000 35.5500000 0.3175000 7.41905E7 0.0000000 0.0000000 1.8000000 1.1000000 0.1350000
17.9000000 35.5500000 0.3175000 1.42783E8 0.0000000 0.0000000 1.8000000 1.1000000 0.1350000
19.0500000 35.5500000 0.3175000 -1.50088E8 0.0000000 0.0000000 0.5000000 1.1000000 0.1350000
19.4250000 35.5500000 0.3175000 -1.67384E8 0.0000000 0.0000000 0.2500000 1.1000000 0.1350000
20.0250000 35.5500000 0.3175000 -1.85148E8 0.0000000 0.0000000 0.9500000 1.1000000 0.1350000
20.9500000 35.5500000 0.3175000 -2.73459E8 0.0000000 0.0000000 0.9000000 1.1000000 0.1350000
22.1250000 35.5500000 0.3175000 -3.46311E8 0.0000000 0.0000000 1.4500000 1.1000000 0.1350000
23.8500000 35.5500000 0.3175000 2.59752E7 0.0000000 0.0000000 2.0000000 1.1000000 0.1350000
13.9250000 36.1500000 0.3175000 1.79723E7 0.0000000 0.0000000 1.0500000 0.1000000 0.1350000
14.5750000 36.1500000 0.3175000 1.31829E8 0.0000000 0.0000000 0.2500000 0.1000000 0.1350000
14.9500000 36.1500000 0.3175000 1.08012E8 0.0000000 0.0000000 0.5000000 0.1000000 0.1350000
16.1000000 36.1500000 0.3175000 -2.43253E8 0.0000000 0.0000000 1.8000000 0.1000000 0.1350000
17.9000000 36.1500000 0.3175000 -7.36553E7 0.0000000 0.0000000 1.8000000 0.1000000 0.1350000
19.0500000 36.1500000 0.3175000 8.21078E7 0.0000000 0.0000000 0.5000000 0.1000000 0.1350000
19.4250000 36.1500000 0.3175000 5.42511E7 0.0000000 0.0000000 0.2500000 0.1000000 0.1350000
20.0250000 35.5500000 0.3175000 -1.85148E8 0.0000000 0.0000000 0.9500000 1.1000000 0.1350000
18.1750000 3.0000000 0.8350000 7.73267E7 0.0000000 0.0000000 1.2500000 2.8000000 0.6000000
38.4500000 75.2500000 0.0500000 0.0000000 -3.55248E8 0.0000000 1.8000000 0.3000000 0.1000000
38.4500000 76.5500000 0.0500000 0.0000000 -4.13813E8 0.0000000 0.8000000 0.3000000 0.1000000
38.4500000 77.7250000 0.0500000 0.0000000 -9.17998E8 0.0000000 1.5500000 0.3000000 0.1000000
38.4500000 79.2750000 0.0500000 0.0000000 -1.76819E9 0.0000000 1.5500000 0.3000000 0.1000000
38.4500000 80.4500000 0.0500000 0.0000000 -1.64265E9 0.0000000 0.8000000 0.3000000 0.1000000
38.4500000 82.3250000 0.0500000 0.0000000 -1.32925E9 0.0000000 2.9500000 0.3000000 0.1000000
38.4500000 86.1000000 0.0500000 0.0000000 2.27125E8 0.0000000 4.6000000 0.3000000 0.1000000
38.4500000 90.7000000 0.0500000 0.0000000 8.15112E7 0.0000000 4.6000000 0.3000000 0.1000000
38.4500000 95.3000000 0.0500000 0.0000000 3.25889E7 0.0000000 4.6000000 0.3000000 0.1000000
38.4500000 99.9000000 0.0500000 0.0000000 -3.44251E8 0.0000000 4.6000000 0.3000000 0.1000000
38.4500000 103.6750000 0.0500000 0.0000000 -3.3396E9 0.0000000 2.9500000 0.3000000 0.1000000
38.4500000 105.5500000 0.0500000 0.0000000 -1.71567E9 0.0000000 0.8000000 0.3000000 0.1000000
38.4500000 106.7250000 0.0500000 0.0000000 -2.22681E9 0.0000000 1.5500000 0.3000000 0.1000000
38.4500000 108.2750000 0.0500000 0.0000000 4.55008E9 0.0000000 1.5500000 0.3000000 0.1000000
38.4500000 109.3500000 0.0500000 0.0000000 1.37626E10 0.0000000 0.6000000 0.3000000 0.1000000
38.4500000 109.9750000 0.0500000 0.0000000 9.88694E10 0.0000000 0.6500000 0.3000000 0.1000000
38.4500000 110.4500000 0.0500000 0.0000000 3.12602E8 0.0000000 0.3000000 0.3000000 0.1000000
38.4500000 111.2250000 0.0500000 0.0000000 -7.33814E10 0.0000000 1.2500000 0.3000000 0.1000000
38.4500000 113.4875000 0.0500000 0.0000000 -3.99924E9 0.0000000 3.2750000 0.3000000 0.1000000
38.4500000 117.2500000 0.0500000 0.0000000 -7.46369E9 0.0000000 4.2500000 0.3000000 0.1000000
38.4500000 121.5000000 0.0500000 0.0000000 3.12579E9 0.0000000 4.2500000 0.3000000 0.1000000
38.4500000 125.7500000 0.0500000 0.0000000 4.85389E9 0.0000000 4.2500000 0.3000000 0.1000000
38.4500000 129.5625000 0.0500000 0.0000000 -2.04616E9 0.0000000 3.3750000 0.3000000 0.1000000
38.4500000 132.2000000 0.0500000 0.0000000 -5.17961E9 0.0000000 1.9000000 0.3000000 0.1000000
38.4500000 133.5500000 0.0500000 0.0000000 1.26348E9 0.0000000 0.8000000 0.3000000 0.1000000
38.4500000 134.7250000 0.0500000 0.0000000 7.06931E9 0.0000000 1.5500000 0.3000000 0.1000000
38.4500000 136.2750000 0.0500000 0.0000000 2.09891E9 0.0000000 1.5500000 0.3000000 0.1000000
38.4500000 137.4500000 0.0500000 0.0000000 5.81347E8 0.0000000 0.8000000 0.3000000 0.1000000
38.8000000 1.0500000 0.0500000 0.0000000 3651370.0000000 0.0000000 0.8000000 0.4000000 0.1000000
38.8000000 2.2250000 0.0500000 0.0000000 6.07332E7 0.0000000 1.5500000 0.4000000 0.1000000
38.8000000 3.7750000 0.0500000 0.0000000 -1.12005E8 0.0000000 1.5500000 0.4000000 0.1000000
38.8000000 4.9500000 0.0500000 0.0000000 -2.7795E7 0.0000000 0.8000000 0.4000000 0.1000000
38.8000000 6.2500000 0.0500000 0.0000000 -2558460.0000000 0.0000000 1.8000000 0.4000000 0.1000000
38.8000000 7.8250000 0.0500000 0.0000000 7496340.0000000 0.0000000 1.3500000 0.4000000 0.1000000
38.8000000 9.6000000 0.0500000 0.0000000 1.20188E7 0.0000000 2.2000000 0.4000000 0.1000000
38.8000000 11.8500000 0.0500000 0.0000000 1.75035E7 0.0000000 2.3000000 0.4000000 0.1000000
38.8000000 13.9000000 0.0500000 0.0000000 1.70332E7 0.0000000 1.8000000 0.4000000 0.1000000
38.8000000 15.6250000 0.0500000 0.0000000 1.61276E7 0.0000000 1.6500000 0.4000000 0.1000000
38.8000000 16.5750000 0.0500000 0.0000000 1.65926E7 0.0000000 0.2500000 0.4000000 0.1000000
38.8000000 16.8250000 0.0500000 0.0000000 1.71601E7 0.0000000 0.2500000 0.4000000 0.1000000
38.8000000 17.0750000 0.0500000 0.0000000 1.78114E7 0.0000000 0.2500000 0.4000000 0.1000000
38.8000000 17.8000000 0.0500000 0.0000000 1.82787E7 0.0000000 1.2000000 0.4000000 0.1000000
38.8000000 19.0000000 0.0500000 0.0000000 1.69819E7 0.0000000 1.2000000 0.4000000 0.1000000
38.8000000 19.7250000 0.0500000 0.0000000 1.69093E7 0.0000000 0.2500000 0.4000000 0.1000000
18.7500000 105.9500000 0.0500000 1.34613E10 0.0000000 0.0000000 0.3000000 0.3000000 0.1000000
19.0000000 105.9500000 0.0500000 2.38231E10 0.0000000 0.0000000 0.2000000 0.3000000 0.1000000
19.2000000 105.9500000 0.0500000 4.7291E10 0.0000000 0.0000000 0.2000000 0.3000000 0.1000000
19.4250000 105.9500000 0.0500000 3.49057E10 0.0000000 0.0000000 0.2500000 0.3000000 0.1000000
20.0250000 105.9500000 0.0500000 2.92842E10 0.0000000 0.0000000 0.9500000 0.3000000 0.1000000
20.9500000 105.9500000 0.0500000 -5.83471E10 0.0000000 0.0000000 0.9000000 0.3000000 0.1000000
21.5000000 105.9500000 0.0500000 -1.96744E10 0.0000000 0.0000000 0.2000000 0.3000000 0.1000000
21.7750000 105.9500000 0.0500000 -2.64752E10 0.0000000 0.0000000 0.3500000 0.3000000 0.1000000
22.5750000 105.9500000 0.0500000 -3.28917E10 0.0000000 0.0000000 1.2500000 0.3000000 0.1000000
23.8250000 105.9500000 0.0500000 -7.12266E8 0.0000000 0.0000000 1.2500000 0.3000000 0.1000000
25.3750000 105.9500000 0.0500000 6.99784E9 0.0000000 0.0000000 1.8500000 0.3000000 0.1000000
27.1750000 105.9500000 0.0500000 7.90177E9 0.0000000 0.0000000 1.7500000 0.3000000 0.1000000
29.0500000 105.9500000 0.0500000 1.72454E10 0.0000000 0.0000000 2.0000000 0.3000000 0.1000000
31.0500000 105.9500000 0.0500000 -2.52703E10 0.0000000 0.0000000 2.0000000 0.3000000 0.1000000
32.4000000 105.9500000 0.0500000 -2.4589E10 0.0000000 0.0000000 0.7000000 0.3000000 0.1000000
33.0750000 105.9500000 0.0500000 -5.24841E9 0.0000000 0.0000000 0.6500000 0.3000000 0.1000000
34.0750000 105.9500000 0.0500000 -6.67715E9 0.0000000 0.0000000 1.3500000 0.3000000 0.1000000
35.9500000 105.9500000 0.0500000 -8.99009E9 0.0000000 0.0000000 2.4000000 0.3000000 0.1000000
37.8000000 105.9500000 0.0500000 -1.15742E10 0.0000000 0.0000000 1.3000000 0.3000000 0.1000000
38.6250000 105.9500000 0.0500000 -1.10631E10 0.0000000 0.0000000 0.3500000 0.3000000 0.1000000
39.5250000 105.9500000 0.0500000 -9.9893E9 0.0000000 0.0000000 1.4500000 0.3000000 0.1000000
40.9250000 105.9500000 0.0500000 -7.03604E9 0.0000000 0.0000000 1.3500000 0.3000000 0.1000000
41.9250000 105.9500000 0.0500000 -6.02229E9 0.0000000 0.0000000 0.6500000 0.3000000 0.1000000
42.6000000 105.9500000 0.0500000 -1.9641E10 0.0000000 0.0000000 0.7000000 0.3000000 0.1000000
44.2082500 105.9500000 0.0500000 -1.85532E10 0.0000000 0.0000000 2.5165000 0.3000000 0.1000000
47.8332500 105.9500000 0.0500000 -9.82056E8 0.0000000 0.0000000 4.7335000 0.3000000 0.1000000
52.5667500 105.9500000 0.0500000 2.7725E9 0.0000000 0.0000000 4.7335000 0.3000000 0.1000000
56.7917500 105.9500000 0.0500000 -4.42124E9 0.0000000 0.0000000 3.7165000 0.3000000 0.1000000
59.3750000 105.9500000 0.0500000 2.82214E10 0.0000000 0.0000000 1.4500000 0.3000000 0.1000000
60.3000000 105.9500000 0.0500000 2.66317E10 0.0000000 0.0000000 0.4000000 0.3000000 0.1000000
60.9000000 105.9500000 0.0500000 2.74426E10 0.0000000 0.0000000 0.8000000 0.3000000 0.1000000
61.6250000 105.9500000 0.0500000 -2.05352E10 0.0000000 0.0000000 0.6500000 0.3000000 0.1000000
62.0750000 105.9500000 0.0500000 9.77771E9 0.0000000 0.0000000 0.2500000 0.3000000 0.1000000
62.4500000 105.9500000 0.0500000 2.52987E10 0.0000000 0.0000000 0.5000000 0.3000000 0.1000000
63.6000000 105.9500000 0.0500000 -2.63794E10 0.0000000 0.0000000 1.8000000 0.3000000 0.1000000
65.4000000 105.9500000 0.0500000 6.65151E10 0.0000000 0.0000000 1.8000000 0.3000000 0.1000000
66.5500000 105.9500000 0.0500000 -9.37649E10 0.0000000 0.0000000 0.5000000 0.3000000 0.1000000
66.9250000 105.9500000 0.0500000 -1.03093E11 0.0000000 0.0000000 0.2500000 0.3000000 0.1000000
67.3750000 105.9500000 0.0500000 -1.47515E11 0.0000000 0.0000000 0.6500000 0.3000000 0.1000000
68.1000000 105.9500000 0.0500000 3.68567E11 0.0000000 0.0000000 0.8000000 0.3000000 0.1000000
68.7000000 105.9500000 0.0500000 1.07385E11 0.0000000 0.0000000 0.4000000 0.3000000 0.1000000
69.6250000 105.9500000 0.0500000 1.52851E11 0.0000000 0.0000000 1.4500000 0.3000000 0.1000000
71.1750000 105.9500000 0.0500000 -6.4446E10 0.0000000 0.0000000 1.6500000 0.3000000 0.1000000
72.8375000 105.9500000 0.0500000 -1.67233E11 0.0000000 0.0000000 1.6750000 0.3000000 0.1000000
75.0500000 105.9500000 0.0500000 5.21923E10 0.0000000 0.0000000 2.7500000 0.3000000 0.1000000
77.5625000 105.9500000 0.0500000 -1.76056E9 0.0000000 0.0000000 2.2750000 0.3000000 0.1000000
79.2000000 105.9500000 0.0500000 -2.67407E11 0.0000000 0.0000000 1.0000000 0.3000000 0.1000000
79.7750000 105.9500000 0.0500000 5.6736E10 0.0000000 0.0000000 0.1500000 0.3000000 0.1000000
79.9000000 105.9500000 0.0500000 4.37529E10 0.0000000 0.0000000 0.1000000 0.3000000 0.1000000
0.1000000 107.5000000 0.0500000 7.71109E10 0.0000000 0.0000000 0.1000000 2.8000000 0.1000000
0.2250000 107.5000000 0.0500000 1.74076E11 0.0000000 0.0000000 0.1500000 2.8000000 0.1000000
0.8000000 107.5000000 0.0500000 -3.9244E11 0.0000000 0.0000000 1.0000000 2.8000000 0.1000000
2.4375000 107.5000000 0.0500000 -4.04326E10 0.0000000 0.0000000 2.2750000 2.8000000 0.1000000
4.9500000 107.5000000 0.0500000 2.45473E10 0.0000000 0.0000000 2.7500000 2.8000000 0.1000000
8.0375000 107.5000000 0.0500000 -1.73209E11 0.0000000 0.0000000 3.4250000 2.8000000 0.1000000
10.8500000 107.5000000 0.0500000 -1.78079E10 0.0000000 0.0000000 2.2000000 2.8000000 0.1000000
12.0750000 107.5000000 0.0500000 8.40951E10 0.0000000 0.0000000 0.2500000 2.8000000 0.1000000
12.4500000 107.5000000 0.0500000 1.03331E11 0.0000000 0.0000000 0.5000000 2.8000000 0.1000000
13.0500000 107.5000000 0.0500000 1.45188E11 0.0000000 0.0000000 0.7000000 2.8000000 0.1000000
13.7000000 107.5000000 0.0500000 1.58404E11 0.0000000 0.0000000 0.6000000 2.8000000 0.1000000
14.2250000 107.5000000 0.0500000 2.42742E11 0.0000000 0.0000000 0.4500000 2.8000000 0.1000000
14.5750000 107.5000000 0.0500000 2.64961E11 0.0000000 0.0000000 0.2500000 2.8000000 0.1000000
14.9500000 107.5000000 0.0500000 2.75866E11 0.0000000 0.0000000 0.5000000 2.8000000 0.1000000
15.4750000 107.5000000 0.0500000 3.08255E11 0.0000000 0.0000000 0.5500000 2.8000000 0.1000000
16.0250000 107.5000000 0.0500000 3.14925E11 0.0000000 0.0000000 0.5500000 2.8000000 0.1000000
16.5500000 107.5000000 0.0500000 -5.78376E10 0.0000000 0.0000000 0.5000000 2.8000000 0.1000000
16.9250000 107.5000000 0.0500000 -5.28773E10 0.0000000 0.0000000 0.2500000 2.8000000 0.1000000
17.4250000 107.5000000 0.0500000 -4.83216E10 0.0000000 0.0000000 0.7500000 2.8000000 0.1000000
18.2000000 107.5000000 0.0500000 -1.22086E10 0.0000000 0.0000000 0.8000000 2.8000000 0.1000000
18.7500000 107.5000000 0.0500000 1.55175E10 0.0000000 0.0000000 0.3000000 2.8000000 0.1000000
19.0000000 107.5000000 0.0500000 3.4566E10 0.0000000 0.0000000 0.2000000 2.8000000 0.1000000
19.2000000 107.5000000 0.0500000 3.70847E10 0.0000000 0.0000000 0.2000000 2.8000000 0.1000000
19.4250000 107.5000000 0.0500000 4.01533E10 0.0000000 0.0000000 0.2500000 2.8000000 0.1000000
20.0250000 107.5000000 0.0500000 4.11914E10 0.0000000 0.0000000 0.9500000 2.8000000 0.1000000
20.9500000 107.5000000 0.0500000 -4.90124E10 0.0000000 0.0000000 0.9000000 2.8000000 0.1000000
21.5000000 107.5000000 0.0500000 -4.54842E10 0.0000000 0.0000000 0.2000000 2.8000000 0.1000000
21.7750000 107.5000000 0.0500000 -4.21149E10 0.0000000 0.0000000 0.3500000 2.8000000 0.1000000
22.5750000 107.5000000 0.0500000 -4.10506E10 0.0000000 0.0000000 1.2500000 2.8000000 0.1000000
23.8250000 107.5000000 0.0500000 2.03269E10 0.0000000 0.0000000 1.2500000 2.8000000 0.1000000
25.3750000 107.5000000 0.0500000 2.259E10 0.0000000 0.0000000 1.8500000 2.8000000 0.1000000
27.1750000 107.5000000 0.0500000 3.53671E10 0.0000000 0.0000000 1.7500000 2.8000000 0.1000000
29.0500000 107.5000000 0.0500000 3.51664E10 0.0000000 0.0000000 2.0000000 2.8000000 0.1000000
31.0500000 107.5000000 0.0500000 -3.30039E10 0.0000000 0.0000000 2.0000000 2.8000000 0.1000000
32.4000000 107.5000000 0.0500000 -2.76119E10 0.0000000 0.0000000 0.7000000 2.8000000 0.1000000
33.0750000 107.5000000 0.0500000 -1.04901E10 0.0000000 0.0000000 0.6500000 2.8000000 0.1000000
34.0750000 107.5000000 0.0500000 -8.21579E9 0.0000000 0.0000000 1.3500000 2.8000000 0.1000000
35.9500000 107.5000000 0.0500000 -2.53668E9 0.0000000 0.0000000 2.4000000 2.8000000 0.1000000
37.8000000 107.5000000 0.0500000 3.00467E9 0.0000000 0.0000000 1.3000000 2.8000000 0.1000000
38.6250000 107.5000000 0.0500000 2.27857E9 0.0000000 0.0000000 0.3500000 2.8000000 0.1000000
39.5250000 107.5000000 0.0500000 1.73437E9 0.0000000 0.0000000 1.4500000 2.8000000 0.1000000
40.9250000 107.5000000 0.0500000 -2.55151E9 0.0000000 0.0000000 1.3500000 2.8000000 0.1000000
41.9250000 107.5000000 0.0500000 -4.49286E9 0.0000000 0.0000000 0.6500000 2.8000000 0.1000000
42.6000000 107.5000000 0.0500000 -1.80386E10 0.0000000 0.0000000 0.7000000 2.8000000 0.1000000
44.2082500 107.5000000 0.0500000 -2.34339E10 0.0000000 0.0000000 2.5165000 2.8000000 0.1000000
47.8332500 107.5000000 0.0500000 5.64623E9 0.0000000 0.0000000 4.7335000 2.8000000 0.1000000
52.5667500 107.5000000 0.0500000 5.93878E9 0.0000000 0.0000000 4.7335000 2.8000000 0.1000000
56.7917500 107.5000000 0.0500000 -2.25473E9 0.0000000 0.0000000 3.7165000 2.8000000 0.1000000
59.3750000 107.5000000 0.0500000 6.40711E10 0.0000000 0.0000000 1.4500000 2.8000000 0.1000000
60.3000000 107.5000000 0.0500000 6.15839E10 0.0000000 0.0000000 0.4000000 2.8000000 0.1000000
60.9000000 107.5000000 0.0500000 4.60107E10 0.0000000 0.0000000 0.8000000 2.8000000 0.1000000
61.6250000 107.5000000 0.0500000 -1.4685E10 0.0000000 0.0000000 0.6500000 2.8000000 0.1000000
62.0750000 107.5000000 0.0500000 -6.7396E9 0.0000000 0.0000000 0.2500000 2.8000000 0.1000000
62.4500000 107.5000000 0.0500000 -2.62718E9 0.0000000 0.0000000 0.5000000 2.8000000 0.1000000
63.6000000 107.5000000 0.0500000 -3.19405E10 0.0000000 0.0000000 1.8000000 2.8000000 0.1000000
65.4000000 107.5000000 0.0500000 1.58494E10 0.0000000 0.0000000 1.8000000 2.8000000 0.1000000
66.5500000 107.5000000 0.0500000 -2.94509E10 0.0000000 0.0000000 0.5000000 2.8000000 0.1000000
66.9250000 107.5000000 0.0500000 -2.81425E10 0.0000000 0.0000000 0.2500000 2.8000000 0.1000000
67.3750000 107.5000000 0.0500000 -2.278E10 0.0000000 0.0000000 0.6500000 2.8000000 0.1000000
68.1000000 107.5000000 0.0500000 3.54519E11 0.0000000 0.0000000 0.8000000 2.8000000 0.1000000
68.7000000 107.5000000 0.0500000 2.58367E11 0.0000000 0.0000000 0.4000000 2.8000000 0.1000000